64,32,1,1200000,54123792898.5
64,32,1,3001000,121470858147
64,32,256,1200000,3.638106285e+15
64,32,256,3001000,1.60756296822e+16
1024,32,1,1200000,608968852347
1024,32,1,3001000,2.10946422009e+12
1024,32,256,1200000,1.95114323448e+16
1024,32,256,3001000,4.79511015336e+16
1024,512,1,1200000,71978621444.8
1024,512,1,3001000,171760606787
1024,512,256,1200000,2.13930254338e+14
1024,512,256,3001000,2.26036598625e+15
64,32,1,1500000,61199103129.8
64,32,1,2700000,139762139376
64,32,1,2800000,117799729033
64,32,2,1600000,382154040291
64,32,2,1800000,465237775903
64,32,2,1900000,481864321350
64,32,2,2100000,670747519708
64,32,2,2700000,705658536410
64,32,4,1200000,1.18528790591e+12
64,32,4,1400000,1.41112809295e+12
64,32,4,1500000,1.39342716072e+12
64,32,4,2400000,2.70524650304e+12
64,32,4,2500000,3.11523785415e+12
64,32,4,2700000,3.46457906757e+12
64,32,4,2800000,2.78257229894e+12
64,32,4,3000000,3.88641714741e+12
64,32,8,1200000,4.95212476605e+12
64,32,8,1400000,5.49489406309e+12
64,32,8,1500000,5.16600927867e+12
64,32,8,1600000,5.92158880013e+12
64,32,8,1800000,6.79390560297e+12
64,32,8,1900000,7.99425999291e+12
64,32,8,2000000,7.76861243299e+12
64,32,8,2300000,1.05166580858e+13
64,32,8,2400000,1.03476373655e+13
64,32,8,2500000,1.05654981396e+13
64,32,8,2700000,1.23200332831e+13
64,32,8,2800000,1.07148427885e+13
64,32,8,2900000,1.34921290207e+13
64,32,8,3000000,1.31795581752e+13
64,32,8,3001000,1.44732830717e+13
64,32,16,1200000,1.81422073728e+13
64,32,16,1400000,2.33492085876e+13
64,32,16,1500000,2.21422539197e+13
64,32,16,1600000,2.71392108497e+13
64,32,16,1800000,3.29229286303e+13
64,32,16,1900000,3.22962794096e+13
64,32,16,2000000,3.47349737313e+13
64,32,16,2100000,3.3884108075e+13
64,32,16,2400000,4.50954809126e+13
64,32,16,2500000,4.59599509121e+13
64,32,16,2700000,5.11632497836e+13
64,32,16,2800000,5.01374158025e+13
64,32,16,2900000,5.32975082166e+13
64,32,16,3000000,4.25940302971e+13
64,32,16,3001000,5.04605880233e+13
64,32,32,1200000,6.50794313437e+13
64,32,32,1400000,8.62967585726e+13
64,32,32,1500000,9.18232914093e+13
64,32,32,1600000,1.07480338761e+14
64,32,32,1800000,1.17020581223e+14
64,32,32,1900000,1.24276974592e+14
64,32,32,2000000,1.35657389827e+14
64,32,32,2100000,1.34058184922e+14
64,32,32,2300000,1.55909903633e+14
64,32,32,2400000,1.58623679039e+14
64,32,32,2500000,1.49101586975e+14
64,32,32,2700000,1.70110125803e+14
64,32,32,2800000,1.89379130153e+14
64,32,32,2900000,2.02649417664e+14
64,32,32,3000000,2.11606038624e+14
64,32,32,3001000,1.92221177785e+14
64,32,64,1200000,2.6480174063e+14
64,32,64,1400000,3.10890509435e+14
64,32,64,1500000,3.43863284608e+14
64,32,64,1600000,3.25678957772e+14
64,32,64,1800000,4.30809541156e+14
64,32,64,1900000,5.09621237708e+14
64,32,64,2000000,4.23033880026e+14
64,32,64,2100000,5.87071910573e+14
64,32,64,2300000,6.80623907917e+14
64,32,64,2400000,7.44742195421e+14
64,32,64,2500000,7.9520323288e+14
64,32,64,2700000,9.3667889219e+14
64,32,64,2800000,8.81246682507e+14
64,32,64,2900000,9.42993570599e+14
64,32,64,3000000,9.55993905096e+14
64,32,64,3001000,8.60542692784e+14
64,32,128,1200000,1.03936466138e+15
64,32,128,1400000,1.24540546205e+15
64,32,128,1500000,1.29738833631e+15
64,32,128,1600000,1.37024541467e+15
64,32,128,1800000,1.66312835559e+15
64,32,128,1900000,1.81436137671e+15
64,32,128,2000000,2.10531859964e+15
64,32,128,2100000,2.10029830732e+15
64,32,128,2300000,2.59964910374e+15
64,32,128,2400000,2.5787383009e+15
64,32,128,2500000,3.0253429438e+15
64,32,128,2700000,3.1359234945e+15
64,32,128,2800000,3.56486162675e+15
64,32,128,2900000,3.57002509613e+15
64,32,128,3000000,3.68621319044e+15
64,32,128,3001000,4.66972312371e+15
64,32,256,1400000,4.68489889517e+15
64,32,256,1500000,4.82671968391e+15
64,32,256,1600000,5.38974975637e+15
64,32,256,1800000,6.04453435155e+15
64,32,256,1900000,6.85132574795e+15
64,32,256,2000000,7.73456702868e+15
64,32,256,2100000,7.77929708067e+15
64,32,256,2300000,9.30286332418e+15
64,32,256,2400000,1.00926858565e+16
64,32,256,2500000,1.05522151095e+16
64,32,256,2700000,1.21982910604e+16
64,32,256,2800000,1.2609992587e+16
64,32,256,2900000,1.33405755608e+16
64,32,256,3000000,1.42671665485e+16
256,32,1,1800000,766121659896
256,32,1,2400000,614628685103
256,32,1,2500000,655115281170
256,32,1,2700000,638927089044
256,32,1,2900000,796809624778
256,32,1,3001000,966079823664
256,32,2,1200000,1.91169102933e+12
256,32,2,1400000,1.97380323744e+12
256,32,2,1500000,2.76211126561e+12
256,32,2,1600000,2.28980991262e+12
256,32,2,1800000,2.37124933332e+12
256,32,2,1900000,3.66347877808e+12
256,32,2,2000000,3.63672407261e+12
256,32,2,2300000,6.64976766019e+12
256,32,2,2400000,4.08950500798e+12
256,32,2,2500000,4.02904826265e+12
256,32,2,2700000,4.28557924384e+12
256,32,2,2900000,4.69418248283e+12
256,32,2,3000000,3.42794551866e+12
256,32,2,3001000,6.97581234578e+12
256,32,4,1400000,9.25260213757e+12
256,32,4,1500000,8.8953266726e+12
256,32,4,1600000,1.15570528501e+13
256,32,4,1800000,1.19025648351e+13
256,32,4,1900000,1.08453216066e+13
256,32,4,2100000,1.17379295666e+13
256,32,4,2300000,1.60848772799e+13
256,32,4,2400000,1.32774139054e+13
256,32,4,2500000,1.38184071135e+13
256,32,4,2700000,1.51741255617e+13
256,32,4,2800000,1.8455886473e+13
256,32,4,2900000,1.71747888961e+13
256,32,4,3000000,1.50059654093e+13
256,32,4,3001000,1.50921375536e+13
256,32,8,1200000,2.42962267829e+13
256,32,8,1400000,2.81804474381e+13
256,32,8,1500000,2.68274423458e+13
256,32,8,1600000,3.21381894289e+13
256,32,8,1800000,3.31603859625e+13
256,32,8,1900000,3.43052569684e+13
256,32,8,2000000,3.62383636351e+13
256,32,8,2100000,3.53443261187e+13
256,32,8,2300000,4.2512692059e+13
256,32,8,2400000,3.87513065591e+13
256,32,8,2500000,4.39855385521e+13
256,32,8,2700000,4.77978311903e+13
256,32,8,2800000,5.28813552859e+13
256,32,8,2900000,4.82682169064e+13
256,32,8,3000000,4.40096816765e+13
256,32,8,3001000,5.42155873983e+13
256,32,16,1200000,8.25694787691e+13
256,32,16,1400000,8.8481716149e+13
256,32,16,1500000,1.01640539679e+14
256,32,16,1600000,9.26012101967e+13
256,32,16,1800000,9.72877239883e+13
256,32,16,1900000,1.06956785402e+14
256,32,16,2000000,1.13490453007e+14
256,32,16,2100000,1.17288823786e+14
256,32,16,2300000,1.27675249201e+14
256,32,16,2400000,1.31124594596e+14
256,32,16,2500000,1.28763881757e+14
256,32,16,2700000,1.41227807849e+14
256,32,16,2800000,1.21464378127e+14
256,32,16,2900000,1.6077430571e+14
256,32,16,3000000,1.43027796318e+14
256,32,16,3001000,1.37027644341e+14
256,32,32,1200000,2.89027586148e+14
256,32,32,1400000,2.96147332944e+14
256,32,32,1500000,3.03981082985e+14
256,32,32,1600000,3.36882250985e+14
256,32,32,1800000,3.54323828578e+14
256,32,32,1900000,3.52954289435e+14
256,32,32,2000000,3.66369655254e+14
256,32,32,2100000,3.5146567016e+14
256,32,32,2300000,3.63887455886e+14
256,32,32,2400000,3.85379497093e+14
256,32,32,2500000,3.89405201045e+14
256,32,32,2700000,4.26642309866e+14
256,32,32,2800000,3.83576600737e+14
256,32,32,2900000,4.03423009896e+14
256,32,32,3000000,4.66777994043e+14
256,32,32,3001000,3.93024969784e+14
256,32,64,1200000,1.07529193278e+15
256,32,64,1400000,1.21229039585e+15
256,32,64,1500000,1.36049595934e+15
256,32,64,1600000,1.26703230585e+15
256,32,64,1800000,1.5799462071e+15
256,32,64,1900000,1.68273006373e+15
256,32,64,2000000,1.83708315941e+15
256,32,64,2100000,1.9524345346e+15
256,32,64,2300000,2.25806618104e+15
256,32,64,2400000,2.19901763893e+15
256,32,64,2500000,2.36997608348e+15
256,32,64,2700000,2.50893479942e+15
256,32,64,2800000,2.61562716043e+15
256,32,64,2900000,2.46773654188e+15
256,32,64,3000000,2.31151943916e+15
256,32,64,3001000,2.51234263798e+15
256,32,128,1200000,4.82189365919e+15
256,32,128,1400000,5.21187073154e+15
256,32,128,1500000,5.10818695308e+15
256,32,128,1600000,5.8809050886e+15
256,32,128,1800000,6.40900348699e+15
256,32,128,1900000,7.21222826758e+15
256,32,128,2000000,7.30132921806e+15
256,32,128,2100000,8.12024613183e+15
256,32,128,2300000,8.91716251143e+15
256,32,128,2400000,9.44600159965e+15
256,32,128,2500000,9.92519305348e+15
256,32,128,2700000,1.06847967479e+16
256,32,128,2800000,1.11602461031e+16
256,32,128,2900000,1.16605949281e+16
256,32,128,3000000,1.2404906342e+16
256,32,128,3001000,1.47082922807e+16
256,32,256,1200000,1.9334186207e+16
256,32,256,1400000,2.13511675373e+16
256,32,256,1500000,2.14548308013e+16
256,32,256,1600000,2.2859694152e+16
256,32,256,1800000,2.59389616184e+16
256,32,256,1900000,2.87801886438e+16
256,32,256,2000000,2.78806945582e+16
256,32,256,2100000,3.01488266172e+16
256,32,256,2300000,3.64364012616e+16
256,32,256,2400000,3.25456520238e+16
256,32,256,2500000,3.47706674567e+16
256,32,256,2700000,4.17357684136e+16
256,32,256,2800000,4.28330927938e+16
256,32,256,2900000,4.61746688249e+16
256,32,256,3000000,4.68746738207e+16
256,32,256,3001000,5.86310092028e+16
256,128,1,1400000,195630236761
256,128,1,1600000,218945681950
256,128,1,2500000,318852103280
256,128,1,2700000,363525323469
256,128,1,2800000,405855328328
256,128,2,1800000,1.02492814373e+12
256,128,2,2300000,1.54503751847e+12
256,128,2,2400000,1.58254357757e+12
256,128,2,2700000,1.52309001235e+12
256,128,2,2800000,1.99987799516e+12
256,128,2,3001000,2.09939124956e+12
256,128,4,1200000,2.62996846812e+12
256,128,4,1400000,3.09038004365e+12
256,128,4,1500000,3.9470768044e+12
256,128,4,1600000,4.81392110094e+12
256,128,4,1800000,5.05014899049e+12
256,128,4,1900000,5.02215631282e+12
256,128,4,2000000,4.89495077401e+12
256,128,4,2100000,5.89243804411e+12
256,128,4,2300000,5.77034993318e+12
256,128,4,2400000,6.14652634821e+12
256,128,4,2500000,5.96398578777e+12
256,128,4,2700000,7.29282640176e+12
256,128,4,2800000,7.23146896917e+12
256,128,4,2900000,7.10090837654e+12
256,128,4,3000000,7.58195757476e+12
256,128,8,1200000,9.7599432366e+12
256,128,8,1400000,1.30235855081e+13
256,128,8,1500000,1.35263066255e+13
256,128,8,1800000,1.42788298823e+13
256,128,8,1900000,1.85642849338e+13
256,128,8,2000000,2.13635195941e+13
256,128,8,2100000,1.88693339256e+13
256,128,8,2300000,2.30600635853e+13
256,128,8,2400000,2.14236893013e+13
256,128,8,2500000,2.32987768452e+13
256,128,8,2700000,2.90898174835e+13
256,128,8,2800000,2.75446283327e+13
256,128,8,2900000,2.88591987183e+13
256,128,8,3000000,3.40933802548e+13
256,128,8,3001000,3.17528023468e+13
256,128,16,1200000,3.51643114426e+13
256,128,16,1400000,4.38480804906e+13
256,128,16,1500000,4.50162449511e+13
256,128,16,1600000,5.38868997906e+13
256,128,16,1800000,5.3321644607e+13
256,128,16,1900000,6.7312141378e+13
256,128,16,2000000,6.78741834593e+13
256,128,16,2100000,5.45197392613e+13
256,128,16,2300000,7.36570686206e+13
256,128,16,2400000,1.06021835044e+14
256,128,16,2500000,7.78910363395e+13
256,128,16,2700000,9.90612841203e+13
256,128,16,2800000,8.87415471143e+13
256,128,16,2900000,1.0040376582e+14
256,128,16,3000000,9.36454209028e+13
256,128,16,3001000,9.12472568186e+13
256,128,32,1200000,1.44469815731e+14
256,128,32,1400000,1.79151679296e+14
256,128,32,1500000,1.60491636495e+14
256,128,32,1600000,1.9437269149e+14
256,128,32,1800000,2.17725481323e+14
256,128,32,1900000,2.64204514987e+14
256,128,32,2000000,2.73939300389e+14
256,128,32,2100000,2.84658524669e+14
256,128,32,2300000,2.90171264538e+14
256,128,32,2400000,2.9784222044e+14
256,128,32,2500000,2.92596588664e+14
256,128,32,2700000,3.49260179382e+14
256,128,32,2800000,3.49831569845e+14
256,128,32,2900000,3.53265521656e+14
256,128,32,3000000,3.08013338658e+14
256,128,32,3001000,3.86805934395e+14
256,128,64,1200000,6.04122205e+14
256,128,64,1400000,7.22717949023e+14
256,128,64,1500000,7.49850832551e+14
256,128,64,1600000,8.24653093717e+14
256,128,64,1800000,9.41936090972e+14
256,128,64,1900000,1.00841351051e+15
256,128,64,2000000,1.08548059417e+15
256,128,64,2100000,1.09829839811e+15
256,128,64,2300000,1.46232249464e+15
256,128,64,2400000,1.58648866657e+15
256,128,64,2500000,1.72622806752e+15
256,128,64,2700000,1.92371530515e+15
256,128,64,2800000,1.41991197128e+15
256,128,64,2900000,1.71639625821e+15
256,128,64,3000000,1.68444618546e+15
256,128,64,3001000,1.45192976132e+15
256,128,128,1200000,2.37638785579e+15
256,128,128,1400000,2.65033238221e+15
256,128,128,1500000,2.64990216924e+15
256,128,128,1600000,3.06623064504e+15
256,128,128,1800000,3.72614692577e+15
256,128,128,1900000,4.03051839764e+15
256,128,128,2000000,4.05907917586e+15
256,128,128,2100000,4.50066160109e+15
256,128,128,2300000,5.77245363777e+15
256,128,128,2400000,6.00783811171e+15
256,128,128,2500000,6.81534885199e+15
256,128,128,2700000,7.6169395224e+15
256,128,128,2800000,8.31282138145e+15
256,128,128,2900000,8.73889880078e+15
256,128,128,3000000,9.11630169607e+15
256,128,128,3001000,1.09835614115e+16
256,128,256,1200000,8.34378000616e+15
256,128,256,1400000,1.08306165432e+16
256,128,256,1500000,1.24988238013e+16
256,128,256,1600000,1.3468271848e+16
256,128,256,1800000,1.59065184514e+16
256,128,256,1900000,1.75313776237e+16
256,128,256,2000000,1.76683606367e+16
256,128,256,2100000,1.9866608854e+16
256,128,256,2300000,2.55440361956e+16
256,128,256,2400000,2.5635755578e+16
256,128,256,2500000,2.68937730675e+16
256,128,256,2700000,3.1368597008e+16
256,128,256,2800000,3.39406468359e+16
256,128,256,2900000,3.79073721256e+16
256,128,256,3000000,3.71035574968e+16
256,128,256,3001000,4.73307069277e+16
1024,32,1,1400000,690100590101
1024,32,1,1900000,1.11007824896e+12
1024,32,1,2300000,1.21921392652e+12
1024,32,1,2400000,1.15044820048e+12
1024,32,1,2500000,1.04365451717e+12
1024,32,1,2700000,1.4696793705e+12
1024,32,1,2900000,1.3248208981e+12
1024,32,2,1200000,2.98419829924e+12
1024,32,2,1400000,2.67815429978e+12
1024,32,2,1500000,3.60639923912e+12
1024,32,2,1600000,3.92967314861e+12
1024,32,2,1800000,4.06654843952e+12
1024,32,2,1900000,4.53545315464e+12
1024,32,2,2100000,4.73727963926e+12
1024,32,2,2300000,5.32414324133e+12
1024,32,2,2400000,4.59236152907e+12
1024,32,2,2500000,3.20261831633e+12
1024,32,2,2800000,4.11247439e+12
1024,32,2,2900000,6.83331741088e+12
1024,32,2,3000000,6.53202019519e+12
1024,32,2,3001000,6.03945281278e+12
1024,32,4,1200000,6.12279234117e+12
1024,32,4,1500000,8.59190768199e+12
1024,32,4,1600000,8.31205348041e+12
1024,32,4,1800000,8.36464251115e+12
1024,32,4,1900000,8.54669752611e+12
1024,32,4,2000000,9.56839285554e+12
1024,32,4,2100000,9.40754394089e+12
1024,32,4,2300000,1.32012040173e+13
1024,32,4,2400000,1.16932713866e+13
1024,32,4,2500000,1.34668332621e+13
1024,32,4,2700000,1.21875517489e+13
1024,32,4,2800000,1.4548576521e+13
1024,32,4,3000000,1.24712969892e+13
1024,32,8,1200000,1.40214281987e+13
1024,32,8,1400000,2.06187339185e+13
1024,32,8,1500000,2.19180486755e+13
1024,32,8,1600000,2.20215124521e+13
1024,32,8,1900000,2.00921675139e+13
1024,32,8,2000000,2.18261366332e+13
1024,32,8,2100000,2.33892386653e+13
1024,32,8,2300000,3.04160351155e+13
1024,32,8,2400000,2.43695891679e+13
1024,32,8,2500000,2.2608516586e+13
1024,32,8,2700000,2.55217109139e+13
1024,32,8,2800000,2.46909781925e+13
1024,32,8,2900000,2.76428819362e+13
1024,32,8,3000000,2.62565084036e+13
1024,32,8,3001000,2.05798313919e+13
1024,32,16,1200000,7.06132435153e+13
1024,32,16,1400000,7.54463042641e+13
1024,32,16,1500000,6.54569084965e+13
1024,32,16,1600000,8.20571713147e+13
1024,32,16,1800000,7.57111637137e+13
1024,32,16,1900000,8.86676625608e+13
1024,32,16,2000000,7.88461508587e+13
1024,32,16,2100000,1.01304530408e+14
1024,32,16,2300000,7.38204390391e+13
1024,32,16,2400000,7.93344066286e+13
1024,32,16,2500000,8.61344514929e+13
1024,32,16,2700000,9.71201025476e+13
1024,32,16,2800000,1.07937470928e+14
1024,32,16,2900000,7.67726468614e+13
1024,32,16,3000000,9.57681231376e+13
1024,32,16,3001000,9.73294763933e+13
1024,32,32,1200000,2.59824500199e+14
1024,32,32,1400000,2.59036048936e+14
1024,32,32,1500000,3.17361440008e+14
1024,32,32,1600000,2.80161847991e+14
1024,32,32,1800000,3.57554600763e+14
1024,32,32,1900000,2.97289028626e+14
1024,32,32,2000000,3.54835053285e+14
1024,32,32,2100000,3.34707061497e+14
1024,32,32,2300000,2.9683786977e+14
1024,32,32,2400000,3.56701295781e+14
1024,32,32,2500000,3.55796792955e+14
1024,32,32,2700000,4.35834817407e+14
1024,32,32,2800000,3.48390160037e+14
1024,32,32,2900000,3.83685599835e+14
1024,32,32,3000000,5.70792101029e+14
1024,32,32,3001000,4.41676120624e+14
1024,32,64,1200000,1.24337526624e+15
1024,32,64,1400000,1.07168673783e+15
1024,32,64,1500000,1.33881506996e+15
1024,32,64,1600000,1.33594336172e+15
1024,32,64,1800000,1.40927293451e+15
1024,32,64,1900000,1.29348511849e+15
1024,32,64,2000000,1.44110224375e+15
1024,32,64,2100000,1.69936264532e+15
1024,32,64,2300000,1.91604381939e+15
1024,32,64,2400000,1.95894633255e+15
1024,32,64,2500000,1.99375263868e+15
1024,32,64,2700000,1.71487182687e+15
1024,32,64,2800000,1.64484781338e+15
1024,32,64,2900000,2.04054988039e+15
1024,32,64,3000000,1.95324833727e+15
1024,32,64,3001000,1.83590104089e+15
1024,32,128,1200000,4.0776324279e+15
1024,32,128,1400000,4.88935861038e+15
1024,32,128,1500000,4.69763941787e+15
1024,32,128,1600000,5.1351524225e+15
1024,32,128,1800000,5.00052680852e+15
1024,32,128,1900000,5.83177449031e+15
1024,32,128,2000000,5.60505861877e+15
1024,32,128,2100000,5.82439942283e+15
1024,32,128,2300000,6.36410032706e+15
1024,32,128,2400000,6.53209708587e+15
1024,32,128,2500000,7.04602407061e+15
1024,32,128,2700000,7.05820864817e+15
1024,32,128,2800000,8.82382317216e+15
1024,32,128,2900000,8.56540430458e+15
1024,32,128,3000000,7.42979286673e+15
1024,32,128,3001000,8.13584493504e+15
1024,32,256,1400000,2.10475722875e+16
1024,32,256,1500000,1.71297623448e+16
1024,32,256,1600000,2.17527304455e+16
1024,32,256,1800000,2.62743616984e+16
1024,32,256,1900000,2.0605339779e+16
1024,32,256,2000000,2.45471732842e+16
1024,32,256,2100000,2.66092897977e+16
1024,32,256,2300000,3.23551690226e+16
1024,32,256,2400000,2.46590658581e+16
1024,32,256,2500000,2.93431136321e+16
1024,32,256,2700000,3.70602446674e+16
1024,32,256,2800000,3.96026518214e+16
1024,32,256,2900000,3.68405194831e+16
1024,32,256,3000000,4.41958125837e+16
1024,128,1,1600000,525561596403
1024,128,1,1800000,1.12386269448e+12
1024,128,1,1900000,730196902925
1024,128,1,2000000,917691185776
1024,128,1,2400000,813726356950
1024,128,1,2500000,844872121384
1024,128,2,1200000,1.75637485407e+12
1024,128,2,1400000,1.72035976521e+12
1024,128,2,1800000,2.55617498314e+12
1024,128,2,2100000,3.03589937065e+12
1024,128,2,2300000,3.26371731358e+12
1024,128,2,2400000,3.34033340599e+12
1024,128,2,2700000,3.44119362051e+12
1024,128,2,2800000,4.31616734353e+12
1024,128,2,2900000,3.57358975483e+12
1024,128,2,3000000,5.87572214395e+12
1024,128,2,3001000,3.29205348252e+12
1024,128,4,1200000,3.69934905748e+12
1024,128,4,1400000,5.64698450726e+12
1024,128,4,1800000,4.62082087228e+12
1024,128,4,2000000,7.40467154738e+12
1024,128,4,2100000,7.15417817542e+12
1024,128,4,2300000,6.28225573011e+12
1024,128,4,2400000,8.11159595274e+12
1024,128,4,2500000,7.2602186855e+12
1024,128,4,2700000,7.17076152933e+12
1024,128,4,2800000,6.48702937168e+12
1024,128,4,2900000,7.50103075316e+12
1024,128,4,3000000,6.9974598524e+12
1024,128,4,3001000,7.69678700494e+12
1024,128,8,1200000,1.16725884348e+13
1024,128,8,1400000,1.38731118045e+13
1024,128,8,1500000,1.14855366165e+13
1024,128,8,1600000,1.49062385102e+13
1024,128,8,1800000,1.26164746815e+13
1024,128,8,1900000,1.41517941356e+13
1024,128,8,2000000,1.47432221428e+13
1024,128,8,2100000,1.98320319925e+13
1024,128,8,2300000,1.46706897941e+13
1024,128,8,2400000,1.1140556807e+13
1024,128,8,2500000,1.3437764848e+13
1024,128,8,2700000,1.42440210493e+13
1024,128,8,2800000,1.54203666893e+13
1024,128,8,2900000,1.53221391276e+13
1024,128,8,3000000,2.31666430581e+13
1024,128,8,3001000,2.09252202952e+13
1024,128,16,1200000,4.062137364e+13
1024,128,16,1400000,4.35839683083e+13
1024,128,16,1500000,5.40939105324e+13
1024,128,16,1600000,4.55915421547e+13
1024,128,16,1800000,6.38449955915e+13
1024,128,16,1900000,5.83165264351e+13
1024,128,16,2000000,4.92822235807e+13
1024,128,16,2100000,5.97673309087e+13
1024,128,16,2300000,6.62331094039e+13
1024,128,16,2400000,5.73284011892e+13
1024,128,16,2500000,5.18610806875e+13
1024,128,16,2700000,6.5406366417e+13
1024,128,16,2800000,6.7197345273e+13
1024,128,16,2900000,5.56131402601e+13
1024,128,16,3000000,6.46536873056e+13
1024,128,16,3001000,7.0236192139e+13
1024,128,32,1200000,1.32176990525e+14
1024,128,32,1400000,2.00313850588e+14
1024,128,32,1500000,1.7485975382e+14
1024,128,32,1600000,1.87684112868e+14
1024,128,32,1800000,1.90568512012e+14
1024,128,32,1900000,2.38351890972e+14
1024,128,32,2000000,1.85145019845e+14
1024,128,32,2100000,2.00611311433e+14
1024,128,32,2300000,2.62597022284e+14
1024,128,32,2400000,2.33368141744e+14
1024,128,32,2500000,2.92675777437e+14
1024,128,32,2700000,3.03675183421e+14
1024,128,32,2800000,3.055661752e+14
1024,128,32,2900000,2.47592610994e+14
1024,128,32,3000000,3.14860222428e+14
1024,128,32,3001000,2.86685200916e+14
1024,128,64,1200000,7.40023584612e+14
1024,128,64,1400000,6.86988468141e+14
1024,128,64,1500000,6.95786792995e+14
1024,128,64,1600000,8.16213001296e+14
1024,128,64,1800000,9.15602863083e+14
1024,128,64,1900000,8.78027958723e+14
1024,128,64,2000000,8.88582874165e+14
1024,128,64,2100000,9.74544517036e+14
1024,128,64,2300000,8.68889259897e+14
1024,128,64,2400000,1.18294192508e+15
1024,128,64,2500000,9.63103253627e+14
1024,128,64,2700000,1.26201402088e+15
1024,128,64,2800000,1.14652246131e+15
1024,128,64,2900000,1.38654269888e+15
1024,128,64,3000000,1.198601438e+15
1024,128,64,3001000,1.31412401807e+15
1024,128,128,1200000,2.72595869418e+15
1024,128,128,1400000,2.47552439938e+15
1024,128,128,1500000,3.04164672784e+15
1024,128,128,1600000,3.2928863812e+15
1024,128,128,1800000,3.7002470286e+15
1024,128,128,1900000,3.16145749988e+15
1024,128,128,2000000,3.89896147205e+15
1024,128,128,2100000,3.69870135147e+15
1024,128,128,2300000,4.40732453434e+15
1024,128,128,2400000,4.08190725049e+15
1024,128,128,2500000,4.18655006887e+15
1024,128,128,2700000,3.9264533998e+15
1024,128,128,2800000,5.39294530041e+15
1024,128,128,2900000,4.43532128636e+15
1024,128,128,3000000,5.04741728537e+15
1024,128,128,3001000,5.0546286056e+15
1024,128,256,1200000,1.3109495594e+16
1024,128,256,1400000,1.09403912425e+16
1024,128,256,1500000,9.99676438926e+15
1024,128,256,1600000,1.0767202472e+16
1024,128,256,1800000,1.43210146701e+16
1024,128,256,1900000,1.35894311704e+16
1024,128,256,2000000,1.3422289038e+16
1024,128,256,2100000,1.27240570228e+16
1024,128,256,2300000,1.97166329127e+16
1024,128,256,2400000,1.75182168132e+16
1024,128,256,2500000,1.85349216508e+16
1024,128,256,2700000,1.91821683896e+16
1024,128,256,2800000,2.03133755825e+16
1024,128,256,2900000,1.81906352935e+16
1024,128,256,3000000,2.29978882342e+16
1024,128,256,3001000,2.00913447742e+16
1024,512,1,2100000,97601747366.6
1024,512,1,2400000,154131721323
1024,512,1,2700000,271179329046
1024,512,2,1400000,256588764863
1024,512,2,1500000,301638499603
1024,512,2,1800000,427307996511
1024,512,2,2000000,551510781231
1024,512,2,2500000,587003191352
1024,512,2,2700000,859945862638
1024,512,2,2900000,448126302895
1024,512,4,1200000,949708250308
1024,512,4,1400000,899812308761
1024,512,4,1500000,1.50384624265e+12
1024,512,4,1800000,2.04041319104e+12
1024,512,4,1900000,988956603493
1024,512,4,2000000,1.43110896026e+12
1024,512,4,2100000,1.66696076206e+12
1024,512,4,2300000,1.69673125038e+12
1024,512,4,2800000,1.35151656007e+12
1024,512,4,2900000,1.80920491953e+12
1024,512,4,3001000,3.41560806025e+12
1024,512,8,1400000,2.25720681919e+12
1024,512,8,1500000,2.88061129508e+12
1024,512,8,1600000,3.5536030796e+12
1024,512,8,1800000,2.84675791313e+12
1024,512,8,1900000,3.15827009113e+12
1024,512,8,2000000,5.14464970586e+12
1024,512,8,2100000,2.38772480057e+12
1024,512,8,2300000,6.16729787193e+12
1024,512,8,2400000,2.32971016752e+12
1024,512,8,2500000,5.57221395807e+12
1024,512,8,2700000,5.79763015958e+12
1024,512,8,2800000,3.98086527811e+12
1024,512,8,3000000,5.29647249127e+12
1024,512,8,3001000,5.36055504013e+12
1024,512,16,1200000,5.1007076986e+12
1024,512,16,1400000,5.24506546874e+12
1024,512,16,1500000,6.18544049448e+12
1024,512,16,1600000,7.48136769798e+12
1024,512,16,1900000,7.83516321395e+12
1024,512,16,2000000,7.80783480028e+12
1024,512,16,2100000,1.0942741551e+13
1024,512,16,2300000,1.38002285479e+13
1024,512,16,2400000,2.13422624492e+13
1024,512,16,2700000,2.15755999118e+13
1024,512,16,2800000,1.75720409309e+13
1024,512,16,2900000,1.43131666496e+13
1024,512,16,3000000,1.39029743773e+13
1024,512,16,3001000,1.56513205622e+13
1024,512,32,1200000,1.31284907447e+13
1024,512,32,1400000,2.47423080605e+13
1024,512,32,1500000,2.41388479198e+13
1024,512,32,1600000,2.76570108373e+13
1024,512,32,1800000,4.22815268035e+13
1024,512,32,1900000,2.98869654393e+13
1024,512,32,2000000,3.44045529101e+13
1024,512,32,2100000,4.48705395636e+13
1024,512,32,2300000,6.2958418004e+13
1024,512,32,2400000,5.94005241914e+13
1024,512,32,2500000,5.53210806072e+13
1024,512,32,2700000,8.34074503169e+13
1024,512,32,2800000,6.55726778297e+13
1024,512,32,2900000,5.29945667439e+13
1024,512,32,3000000,8.43645319181e+13
1024,512,32,3001000,9.74914229907e+13
1024,512,64,1200000,2.34788316751e+13
1024,512,64,1400000,4.56660493323e+13
1024,512,64,1600000,5.08601099289e+13
1024,512,64,1800000,7.24801506551e+13
1024,512,64,1900000,1.13318147064e+14
1024,512,64,2000000,9.14247750221e+13
1024,512,64,2100000,1.86474689739e+14
1024,512,64,2300000,1.24386171e+14
1024,512,64,2400000,2.04977960789e+14
1024,512,64,2500000,1.12276529053e+14
1024,512,64,2700000,2.70065974142e+14
1024,512,64,2800000,2.08000523684e+14
1024,512,64,2900000,2.26507716826e+14
1024,512,64,3000000,4.2624141308e+14
1024,512,64,3001000,2.78686789834e+14
1024,512,128,1200000,4.54105459437e+13
1024,512,128,1400000,2.03510820353e+14
1024,512,128,1500000,2.24510263726e+14
1024,512,128,1600000,1.8615463032e+14
1024,512,128,1800000,2.08041569118e+14
1024,512,128,1900000,2.39667454588e+14
1024,512,128,2000000,4.08940190264e+14
1024,512,128,2100000,4.47587807344e+14
1024,512,128,2300000,4.12428554779e+14
1024,512,128,2400000,3.95727033684e+14
1024,512,128,2500000,3.71527732444e+14
1024,512,128,2700000,4.68010465514e+14
1024,512,128,2800000,5.53990494377e+14
1024,512,128,2900000,5.35098907444e+14
1024,512,128,3000000,2.47764729114e+14
1024,512,128,3001000,6.54773728324e+14
1024,512,256,1400000,9.78214755119e+14
1024,512,256,1500000,7.97892944175e+14
1024,512,256,1600000,8.95482127406e+14
1024,512,256,1800000,1.19584028734e+15
1024,512,256,1900000,7.23687815191e+14
1024,512,256,2000000,1.53219174694e+15
1024,512,256,2100000,1.91557868109e+15
1024,512,256,2300000,1.59410237425e+15
1024,512,256,2400000,1.49310412663e+15
1024,512,256,2500000,7.36986471019e+14
1024,512,256,2700000,1.51999813857e+15
1024,512,256,2800000,2.4142280806e+15
1024,512,256,2900000,1.43591803303e+15
1024,512,256,3000000,1.56154694539e+15
